-1,0,0,0,0,0,0,0,0,0,19,0,0,0,0,0,20,0,0,0,0,0,0,0,18,9,8,10,8,11,8,10,10,8,11,8,9,10,21,0,
0,0,0,0,20,0,0,0,0,0,0,0,0,0,0,0,0,0,0,0,0,18,8,8,17,0,0,0,0,0,0,0,0,0,0,0,0,0,22,21,
-1,0,0,0,0,0,0,0,0,0,0,0,0,0,0,0,18,8,8,8,8,17,0,0,0,0,0,0,0,0,0,0,0,0,0,0,0,0,0,12,
0,19,-1,-1,-1,0,0,0,0,0,0,0,0,18,8,8,17,0,0,0,0,0,0,0,0,0,0,0,0,0,0,0,0,0,0,0,0,0,0,12,
0,0,-1,-1,-1,0,0,0,19,0,0,0,0,15,0,0,0,0,0,0,0,0,0,0,0,0,0,0,0,0,0,0,0,0,0,0,0,0,0,13,
0,0,-1,-1,0,0,0,0,0,0,0,18,8,17,0,0,0,0,0,0,0,0,0,0,0,0,0,0,0,0,0,0,0,0,0,0,1,1,1,0,
0,0,0,0,-1,0,18,8,8,8,8,17,0,0,0,0,0,0,0,0,0,0,0,0,0,0,0,0,0,0,0,0,0,0,1,1,0,19,0,0,
0,0,18,8,8,8,17,-1,0,0,0,0,0,0,0,0,0,0,0,0,0,0,0,0,0,0,0,0,0,0,0,0,0,1,0,0,0,0,0,0,
8,8,17,0,0,0,0,0,0,0,0,0,0,0,0,0,0,0,0,0,0,0,0,0,5,6,6,7,0,0,0,0,0,8,8,8,8,8,8,8,
0,0,0,0,0,0,0,0,0,0,0,0,0,0,0,0,0,0,0,0,0,0,0,0,0,0,0,0,0,0,0,0,0,0,0,0,0,0,0,0,
0,0,0,0,0,0,0,0,0,0,0,0,0,0,0,0,0,0,0,0,0,0,0,0,0,0,0,0,0,0,0,0,0,0,0,0,0,0,0,0,
0,0,0,0,0,0,0,0,0,0,0,0,0,0,0,0,0,0,0,0,0,0,0,0,0,0,0,0,0,0,0,0,0,0,0,0,0,0,0,0,
0,0,0,0,0,0,0,0,0,0,0,0,0,0,0,0,0,0,0,0,5,6,6,7,0,0,0,0,0,0,0,0,0,0,0,0,0,0,0,0,
0,0,0,0,0,0,0,0,0,0,0,0,0,0,0,0,0,0,0,0,0,0,0,0,0,0,0,0,0,0,0,0,0,0,0,0,0,0,0,0,
0,0,0,0,0,0,0,0,0,0,0,0,0,0,0,0,0,0,0,0,0,0,0,0,0,0,0,0,0,0,0,0,0,0,0,0,0,0,0,0,
0,0,0,0,0,0,0,0,0,0,0,0,0,0,0,0,0,0,0,0,0,0,0,0,0,0,0,0,0,0,0,0,0,0,0,0,0,0,0,0,
0,0,0,0,0,0,0,0,0,0,0,0,0,0,0,0,0,0,0,0,5,6,6,7,0,0,0,0,0,0,0,0,0,0,0,0,0,0,0,0,
0,0,0,0,0,0,0,0,0,0,0,0,0,0,0,0,0,0,0,0,0,0,0,0,0,0,0,0,0,0,0,0,0,0,0,0,0,0,0,0,
0,0,0,0,0,0,0,0,0,0,0,0,0,0,0,0,0,0,0,0,0,0,0,0,0,0,0,0,0,0,0,0,0,0,0,0,0,0,0,0,
0,0,0,0,0,0,0,0,0,0,0,0,0,0,0,0,0,0,0,0,0,0,0,0,0,0,0,0,0,0,0,0,0,0,0,0,0,0,0,0,
0,0,0,0,0,0,0,0,0,0,1,4,2,1,3,3,1,4,2,2,1,1,1,3,1,2,4,1,3,2,0,0,0,0,0,0,0,0,0,0,
0,0,0,0,4,3,1,2,1,1,3,0,0,0,0,0,0,0,0,0,0,0,0,0,0,0,0,19,0,2,1,3,2,1,0,0,0,0,0,0,
1,2,3,1,4,0,0,0,0,0,20,0,0,0,0,0,0,19,0,0,0,0,0,0,20,0,0,0,0,0,0,0,0,1,1,2,2,4,3,1,
0,0,0,0,0,0,19,0,0,0,0,0,0,0,0,0,0,0,0,0,0,0,0,0,0,0,0,0,0,20,0,0,0,0,0,0,0,0,0,0,
Everything Is Embarrassing